ansible_user: ubuntu

ansible_ssh_pass: !vault |
            $ANSIBLE_VAULT;1.1;AES256
            64616665326366306362373838653830633163336639383438343334383333363763336366333863
            3063393065646531336337396336643463396565343430350a366635323432643364613733613231
            61303633373734363639643333613661636266656630616335346330346233666637626662303538
            6339396232303864300a396463343632393033326162653236396537646364396433626130333863
            61623836613731663336613537316632393361353036343461646638323138323135636161396165
            37396338313161333835656537626166313132646537653666316535656262643436373332353662
            62306463363539666333333666373836396135613962633365613832353765613030363664313931
            31373763613230316462666431373566646563613562336138616634663538633237633139333431
            63666666626666333563323730303262633838393662363038633764326235613730303330656632
            32383935316539376431646464396637303430353135393831393131623162623734313532643732
            63396564343536343362323366313633356133313866396131393037313135383166373331636335
            61663939653361343331316138333931386638656135303261643832646630363130383563326138
            32356563616261346439356666393165626563363338663632633131623131393863363236373635
            34326466383066346165343737323364306634653765313165383461356330303739643031636265
            30373531313765663433613236626637316331363563313136363765653432313735313931373135
            35326430366435646632383236323264663266333065346631666130323733313230376231666336
            33346165633136396663333734326463396133666135663235626665353737643763383032373331
            61653664646138373861313836663237666437343064663434356465346635363463363935313130
            61346337656638333064623038633237326430663036386138616339333332376333643562323530
            64343331323236343231663636626435323562396464666138303434663566343436313435633763
            66346130643139383066386233313533336433336332326263353764663131636266333166663732
            31636161373466346161646161636230613132333331386465393831626162363636643633633838
            31323735326539376461336238663639393534363235316539626334303733376238353465353537
            31333531393437653361363561353334393133323238613965643864323162326465383761383863
            62636333376163306433393564336531653461376261643538346539616633373539666131323633
            39613239323165633636376239306535623261653135653064323165663838346132373930653934
            33613133613364383639386633366366316438353031353062633164363266376331666165613839
            34383765653731663066306135346366373261316536383133353835323435636265393033316434
            32646365643064646364373538323164616238393833643030613436303437373431616434373237
            34653762386263326232386261333463353164643638616165386336633338643263343134396237
            38643232336265373636623264656537303862333737646634346537623165333836323939633030
            36663861323736393834396639663433333432636261393863363637306661393736316237343836
            34656130393936643034353733316333313536626161393863646639373330613166343230336561
            39313537613933653838356633363632373066353134383636386662346630326534393233613436
            63653761303235343930646531303232346464396235613034613138633633363961356230393265
            39666438333639646339613932646234343334636537313966316334613130353566333039333335
            39653064646632633064346132383930396165626530303535303131333965633663643263323362
            36366330313936643738376134303865363064626331656130613664613634646334343566653333
            38346236653939663130316534663561373663383865366663333466336662363038633635656364
            33393339373165653732663234636538656530396264653939376431396338383731336261653334
            33376265373861393639373430623332333964613633636130613338336639386564393337346134
            62336437373939396239613437623236376632323638363534613232663130333736333739346535
            65333466386234656630623935376139383638643533313132633938396535653936396130313832
            39666437653133613239633639313135643264396134383830366532373933363534383730343637
            36326531323134636362653934363333646563623137346666366635613265636337353138313831
            35346461313265383737326130656536323637323233306563363534393136633266633633666339
            65356434396331666165323937383663633963306137326430343361613535313162623166383165
            37653232356464343737393964613036333634323863366261646239396662303030633639393663
            31306438316538383736613438626538323063316366623335323231653566366131363539316435
            35316561393733313966656134373563393132653938303836376262383538313837336133303965
            33366234663038336132613166666233336161323766616432306237643536316362303936643262
            61323131613434633766666535383738326539653639303166386431663938313332376530653332
            64656134363363346634303761313161646230303761303262653733313933373435316139373534
            35323632653430666262393965626635343538646434376236663065326363633837643630653939
            66633634663636393237343861323339646639646235353539323333626161393763376238383362
            36633631343865396334333436623565656139303962363832323563366531393964303031356564
            34326631353764323635323934326636653932333937323931383163353533613734396234613036
            63323531376630393932356265323561306465303465383630383539643230666637376132363661
            39303433376538306234633039303362623962633862646662646266616164326264626634363139
            62343966336263396338363538623062373233336566353261313135653465336633396139303233
            30636161383365313536663463633864633431346563306265376431653835623435333936646130
            61396361663663636266363830303663636135333939633737653230333031376464333862613333
            39636234643463323965323164366262353265333234356439633163656366303730323061373030
            62656361633731363565393034333830303934663437646239313837393735366661356237613935
            30386431656336633162353231366264646339316339373037363230386361633763616535383863
            34616339376637653662633038653661663833666665383631393638643936353038633331653030
            37623037386136373361376663636664386361643536663761343964363139313636636636356339
            36656336323061623034356563376462643834636465653037303034326335383964636363386266
            30626264643365663731383436336263323939336662333931656136626233383261383265373561
            65303830653762363332383562393639623834663234353238626331643666376334373931333964
            32373237633562636266663963373463393039623763663032363665643963303538333963373564
            64393534643133336362626262326236376231323133396331343133653261383836613833316262
            62313735343338666362656334623537363461303636333033366263623865363365633061303364
            37643064613636303231643830613134626230393464396439373637613766613739353466666133
            33396638363863393261643937393439386664663566623332613863346166656366306466313664
            31356637633332316432323539643834623164653166376331383030663037326430623431363134
            35303332333332643766343161643465626239616562366537643635653839643232373531373666
            37303439356561343131646234313738333739353661363636393936383439666137393162373635
            61656632306365313065303761633866303466343363663161323637626433646631303463616538
            32613139623534356266626364363464653737333663363635663564633834633963353139326663
            35633232636663363964373634373234666364653338656461313063333263366162333562613335
            35303433323134343161623636656161333065643230393563323765643938343665363637616636
            61313833643636306365633833306366383466613566336636633431643663326530363137393434
            33636365636366346661316539646563363131346463653931373432373532663563333534626365
            32373035633330316238633530623166646532323031356166663132666262633165623938636533
            64643134366131633361646331633139373030313965313733386665373234323131643161616233
            64663464666632316463333364346562666331306432383039653133656264653265343364316430
            65393436383632303835